201 5
0 10123456 10 0 0 0
1 10123447.0146762 16.27070485718334 1.861984311606087 0.8278831225030564 0.02475151096355132
2 10123431.24996638 27.45901434420276 4.870603753603072 2.35206693599523 0.06834858518712655
3 10123412.05077442 39.90860780610983 9.422664592745482 4.475506419044869 0.1424467609935683
4 10123369.76549545 69.77381236178924 17.97268515436599 8.221963565671697 0.2660434717020358
5 10123292.61381343 128.7766425255846 29.21362091964141 14.92582865925903 0.4700944639488975
6 10123174.25227417 215.9764073296443 49.69738131051698 25.26890405381224 0.8050331333687191
7 10123039.56715299 297.5284798757278 82.18835316565925 45.36299623392696 1.35301773014915
8 10122770.06300872 496.8275341861764 132.3091666958046 64.5524124662995 2.247877931811896
9 10122344.30122153 786.9716624465086 225.9267334980219 105.0927845834802 3.707597939516801
10 10121500.50387128 1402.041531189711 366.3375090863755 191.0298813965184 6.08720704854059
11 10120598.31959572 1945.242303720878 597.6961478426831 314.7770760668203 9.964876644540944
12 10118553.03754221 3412.657479473708 971.1153762143848 512.9075887669974 16.28201333290543
13 10116028.78913971 5008.182462828552 1533.539156999162 868.9181830462394 26.57105741601533
14 10110247.60522222 9298.096300384073 2487.023665266674 1389.949327372435 43.32548476052885
15 10101840.46815152 15137.99209154799 4158.141442642123 2258.7986168938 70.5996973940464
16 10091592.97392537 21304.08299431795 6759.300160566652 3694.664152242155 114.9787675091272
17 10072866.40552019 33504.96950932062 11035.98342869028 5871.503048694853 187.1384931059077
18 10027128.22817274 68060.49661636922 18419.92685525761 9553.013146784961 304.3352088517318
19 9984244.228778543 95678.80513735054 27536.80254002807 15511.83607877609 494.3274653010556
20 9900506.724775605 147120.0329034727 47439.66714439575 27598.15679466408 801.4183818648326
21 9719208.015814815 284715.6369237661 74101.28279434894 44145.64269891536 1295.421768154542
22 9466050.474660538 468918.9838617413 118574.5105865503 67837.92223396359 2084.108657207983
23 9206155.247516124 614942.4998185642 192360.3902774545 106679.4537042235 3328.408683634524
24 8551661.768287279 1100063.085016933 300779.0360500264 165705.9770045393 5256.133641222848
25 7921524.715630704 1468653.242094779 457856.3404448241 267268.4772045743 8163.224625118856
26 6905372.654542109 2104993.538480623 695848.5304532689 404867.5454005469 12383.73112345293
27 5730523.256817245 2795425.797632319 990517.250761922 588787.7349206654 18211.95986784858
28 4274300.783325274 3691751.278128493 1323386.977164856 808237.4787388612 25789.48264251547
29 3263191.859561641 3887634.013337467 1853058.609275684 1084563.091995077 35018.4258301308
30 1983980.901499205 4416436.395491609 2214257.251881883 1463219.694143566 45571.75698373709
31 1862611.383791081 3915977.634919052 2632401.93642205 1655473.982288929 57001.06257888878
32 885222.3074174795 3843650.237485962 3089962.554625292 2235765.335054836 68865.56541643092
33 438295.7926121837 3621980.652194088 3335238.725835014 2647138.619811621 80812.20954709373
34 1164598.052310384 2702088.863989406 3509485.293851359 2654698.500489504 92595.28935934814
35 1067933.514145422 2172298.920871967 3755285.030090215 3023887.777212569 104060.7576798269
36 398966.335784632 2126744.297172592 3904749.838785324 3577884.926599334 115120.6016581187
37 344627.5840801299 1835282.350252153 3898848.041922425 3918977.899017969 125730.1247273241
38 726434.9617254728 1594705.703224234 3769104.068788334 3897349.734113066 135871.5321488936
39 337919.8486253239 1370646.179925646 4060611.327380346 4208745.47570129 145543.1683673932
40 452055.1318956631 1122680.365984154 3991686.320280689 4402291.379912337 154752.8019271569
41 1075459.605204181 785251.4159911744 3693970.560870882 4405270.877090743 163513.5408430196
42 459769.4682526535 800819.4437134233 3710424.483318289 4980611.225098124 171841.3796175111
43 146285.5719739211 773217.445591745 3570723.250959075 5453485.995335289 179753.7361399706
44 725800.1149768464 565267.1573009028 3535871.574374354 5109258.570049624 187268.5832982737
45 1124235.114317754 475637.0368355989 3309413.790824542 5019776.121412913 194403.9366091912
46 904097.1079712714 434095.2427851945 3290409.745098057 5293686.349350321 201177.5547951554
47 441436.9959810737 518400.4242418691 3048266.397394209 5907755.414636299 207606.7677465503
48 876593.8376311825 318181.6788523657 2902366.442309823 5812615.660493338 213708.3807132907
49 1010298.054856826 296728.1138357653 2836243.596950707 5760697.610218029 219498.6241386737
50 1208865.00811956 228537.7506174451 2622620.625595217 5838449.48480981 224993.1308579676
51 1471778.963390084 172453.0573862708 2513734.912182149 5735292.137285081 230206.9297564146
52 1306024.314904194 233609.7385284748 2428035.525030042 5920641.972142314 235154.4493949759
53 1374419.169473319 218171.7213375221 2291534.261367327 5999491.32007239 239849.5277494424
54 1605891.680919811 199310.545586152 2165401.886171084 5908556.461544243 244305.4257787104
55 1891336.67273704 114918.8100279977 2080158.422644196 5788517.251122667 248534.8434680987
56 1501205.465455061 126036.7460874992 2007443.989574753 6236229.861341511 252549.9375411766
57 1327146.03069604 146581.9721527991 1889772.440351103 6503603.216445925 256362.3403541329
58 1780252.07630336 130416.374514372 1767442.755755847 6185371.61375259 259983.1796738311
59 1793401.946002341 120939.5917889036 1732104.36227475 6213597.000783537 263423.09915047
60 1664259.521374973 125198.7293335363 1678825.660536552 6388489.809393371 266692.2793615674
61 1748910.846726725 120540.4929542914 1553978.366629247 6430235.834344283 269800.4593454544
62 1957556.283519753 119351.7597194362 1457989.048805379 6315811.94938443 272756.9585709998
63 2665297.724228768 130384.9963877362 1390431.695828767 5661780.884242381 275570.6993123465
64 2618209.505448045 108751.8789690653 1321615.57993995 5796638.806226333 278250.2294166058
65 1968727.092367964 113846.7607133089 1304237.843759196 6455850.557688934 280803.7454705968
66 2595438.376190126 119052.0578008525 1240142.103120369 5885594.346497914 283239.1163907404
67 2371865.813402597 101805.4517523235 1175941.731691595 6188289.095675006 285563.9074784788
68 2805755.826404687 116726.9157978939 1097971.719530375 5815226.133264945 287785.4050021017
69 2100790.857850061 82296.06957350941 1065504.118612834 6584964.312579151 289910.6413844461
70 3246710.112589025 104043.6700268231 1034454.420794269 5446311.375495673 291946.4210942087
71 2459650.262305233 97974.95163115342 949316.0816154416 6322625.357092126 293899.3473560453
72 2689297.348796935 95491.98651561774 931149.9784469436 6111750.836430086 295775.8498104185
73 3311874.620407187 108488.5071170873 866955.8250181222 5538564.83419037 297582.213267233
74 2950470.48779211 111161.466859547 831411.3852062523 5931098.052435952 299324.6077061385
75 3639575.855203198 117130.975038717 833858.1802700463 5231891.869809085 301009.1196789548
76 3566035.977623682 105280.728310075 746773.1567108985 5402734.352092114 302641.7852632303
77 3205103.074799164 130067.129388787 758297.1432280024 5725770.02788722 304228.6246968271
78 3423073.86114322 142124.8096392757 725402.2584397466 5527089.391990825 305775.678786935
79 3177238.734784997 132184.4869212718 699729.1611203502 5807024.570046394 307289.0471269879
80 3828007.625021209 139666.6847420623 668229.0841792478 5178787.677993372 308774.9280641087
81 3658827.192296957 158671.3957651761 639924.4750306259 5355803.27667841 310239.6602288316
82 3284566.400546332 151858.4957007317 645176.0573880654 5730175.281107531 311689.7652573393
83 3622022.918056844 173195.9798194457 634540.9865118184 5380574.124519433 313131.9910924588
84 3530715.66322817 182042.9403392189 613540.4743395668 5482593.567162082 314573.354930962
85 3858801.116213446 200646.8243641719 599260.0720428792 5148736.802899454 316021.1844800492
86 3582199.30105817 266877.878778736 578356.6575831752 5378549.006892451 317483.1556874681
87 3646067.920529966 164057.4998019584 601112.2558274763 5393260.999323881 318967.3245167171
88 4070594.574837641 273965.0611439137 619042.6529137039 4839381.561442165 320482.1496625757
89 3904987.263138245 258413.388865956 591520.5851893291 5046508.260433603 322036.5023728674
90 3741169.647747908 302077.956715183 612752.2492726444 5143826.487447684 323639.6588165801
91 3959087.696224476 300598.2562639043 623928.637689019 4914550.140015199 325301.2698074019
92 4480351.490267352 402146.6768522355 623676.2875828347 4290260.243010418 327031.3022871595
93 3638797.284674637 399781.2858001125 661305.5449007793 5094741.937655708 328839.9469687639
94 3627190.321609558 417937.3758239608 666384.2409856071 5081216.574442089 330737.4871387843
95 3970730.376026914 381752.1159137854 676446.1823403829 4761803.200678888 332734.1250400283
96 3718105.290778611 504451.6875766797 705245.3026735752 4860823.954296552 334839.7646745828
97 3590196.779980583 542879.8180256066 745290.3367755319 4908035.311847017 337063.7533712622
98 3539511.889845295 533536.0567694159 769080.9609135094 4941922.503510774 339414.5889610057
99 3857649.625538372 627123.2432585754 814493.9276931366 4482299.598937918 341899.6045719988
100 3007032.416282582 637683.4086824376 873294.2591424703 5260931.267603213 344524.6482892983
101 3502354.7632525 666519.7378052799 925327.0705770003 4681970.648994898 347293.7793703211
102 3222473.95614928 625875.0805594322 937320.0296885093 4987587.928214701 350209.0053880775
103 3181479.147860074 775794.8026336827 1015199.501981219 4797722.462836463 353270.084688561
104 3309082.488665025 827549.0051238926 1064548.878387718 4565811.212488059 356474.4153353051
105 3121703.465013018 736411.0121861022 1090725.116398807 4814809.381121583 359817.0252804898
106 2856843.069775694 681881.2234023981 1144104.240245616 5077346.797038596 363290.6695376965
107 2790455.926873627 770214.6529743568 1211648.619865653 4984260.770354035 366886.0299323283
108 1999471.109376615 879692.031475432 1233061.913733419 5640648.94220925 370592.003205283
109 2370769.110657842 920857.3714273134 1293014.328523804 5164429.133965336 374396.0554257056
110 2824250.852622574 795519.3938806121 1337077.54665696 4788333.590861832 378284.6159780232
111 2735172.955572601 803907.5041326627 1375437.117976188 4826704.939024481 382243.4832940669
112 2084651.653335304 864689.1222709388 1450616.163828344 5337250.843817879 386258.2167475341
113 2318323.261347455 770137.0065061519 1400260.977197799 5244430.26105522 390314.4938933742
114 1826343.154806084 847858.7433182265 1468532.502346561 5586333.181123815 394398.4184053151
115 1887395.3177954 809503.7981353664 1471493.638570536 5556576.474973102 398496.7705255956
116 2100833.027965276 793971.223802187 1534271.983958352 5291792.56657818 402597.1976960054
117 2014012.595230414 833277.5616067897 1554251.661697224 5315235.833743641 406688.3477219326
118 1594524.763067992 705977.3329011331 1584897.723632911 5827306.230298266 410759.9500996981
119 2089358.241764355 671815.0477017494 1644542.967255172 5302946.890229423 414802.8530493011
120 2346022.296240923 646218.8648731905 1532051.788480526 5180364.025855875 418809.0245494854
121 2259315.936786213 627170.6858000743 1571141.493341869 5243066.358513962 422771.5255578821
122 1439726.748923555 614991.5093432199 1569439.255712219 6072624.023110708 426684.4629102979
123 1758816.888179796 633982.1255478929 1513752.509004707 5786371.548881566 430542.9283860376
124 2149839.909069307 535655.4080034666 1534769.885432524 5468857.868196637 434342.9292980653
125 1703687.163206873 621002.4920450288 1540756.460445494 5819938.569448265 438081.314854339
126 1970297.518331292 398794.9916910129 1527501.016942849 5785116.771511834 441755.701523013
127 2329184.253315777 506083.4265662553 1484193.679350156 5358640.24100668 445364.3997611323
128 2367156.116238961 500500.5678736705 1498157.813541327 5308745.158599347 448906.3437466947
129 2209770.683665675 434101.8817122451 1475968.209834711 5551244.199605481 452381.0251818883
130 2181349.141908163 383724.0335773715 1455112.156453208 5647492.236266091 455788.4317951663
131 2359563.203158716 418719.4204116444 1422127.130270653 5463927.255317491 459128.9908414955
132 1790164.369332726 446564.3835946282 1412776.22701731 6011557.502392506 462403.517662829
133 1926193.478997375 372688.4269077505 1324595.118165339 6034375.806724213 465613.1692053234
134 1752158.485465459 407038.6031009328 1359869.778600963 6135639.730553416 468759.4022792293
135 2231573.955730279 405370.3238712679 1303612.937803743 5711064.846316938 471843.936277772
136 2885318.715977575 345159.6125424806 1277915.003424027 5140203.948024439 474868.7200314802
137 2665969.918615826 394622.6659021378 1305739.374651677 5279298.138374832 477835.9024555272
138 2468268.519347118 330079.481301577 1222808.65507164 5621561.537636617 480747.8066430468
139 2273446.932937234 324774.8716357538 1239076.122528241 5802561.165836725 483606.9070620451
140 2867195.56655745 363531.8598125595 1211432.512937686 5194890.251168506 486415.809523799
141 2239320.064428888 293933.8197250877 1210498.132676304 5890536.749565834 489177.2336038877
142 2201251.269169483 401921.5112379777 1179504.527592769 5848894.694788368 491893.9972114028
143 1983950.344457171 371236.6103452162 1133998.997514223 6139711.044667173 494569.0030162173
144 2295612.647489213 295354.759517899 1113036.586044437 5922256.780490778 497205.2264576738
145 2484930.358099157 298878.349243639 1058019.806539682 5781831.781047259 499805.7050702639
146 2218238.52087599 357078.4526816034 1032870.752250418 6012904.74531935 502373.5288726394
147 1947058.942106002 364217.8033214697 1052740.40509229 6254537.017904555 504911.8315756828
148 2699300.721475225 363240.6830601919 1046401.916591765 5507098.896499233 507423.7823735845
149 3071150.80279105 339772.2212839971 1044509.87122368 5158120.526611966 509912.5780893069
150 2626701.923305684 374025.7436354853 1031826.303447025 5578530.594158839 512381.4354529667
151 2497596.724114665 385286.7115059982 1014966.341892745 5710782.639187417 514833.5832991751
152 2209598.250410469 394991.3092453605 1055334.21091112 5946269.974955074 517272.2544779771
153 3093370.566316573 362779.8671202454 988824.4557308879 5158790.433547714 519700.6772845808
154 2805226.165895136 334131.3804326367 1017400.3854734 5444586.001972356 522122.0662264702
155 2317581.584906295 331247.8788586694 965560.0493655365 5984536.874905776 524539.611963723
156 2665206.552838108 353207.7108046531 987352.8683967046 5590742.397680171 526956.470280364
157 2927221.490555597 388069.8247786097 982822.2066165974 5295976.728076934 529375.7499722636
158 2579600.215883582 384858.2408990454 979816.0064482396 5647391.037197934 531800.4995711998
159 3099630.041845401 447954.3322244607 971515.6153996692 5070132.317664713 534233.6928657562
160 2718466.819916771 413699.9941806147 935583.7718914527 5519037.200783266 536678.213227897
161 2935466.231618058 437007.4087179258 966625.438473773 5245230.084381163 539136.8368090795
162 2852076.748858203 420077.0164442183 964425.5404779965 5345274.479488782 541612.2147308008
163 2693618.633590865 433594.9028987386 982282.1173004778 5469863.49174986 544106.8544600579
164 3588978.875754054 361333.7371475846 940938.880143946 4685591.406326245 546623.1006281707
165 2578600.355151609 446384.1882522151 996321.1802091312 5552997.16076812 549163.115618925
166 2983853.879013714 437793.6137651022 977306.3482347971 5172783.298670842 551728.8603155449
167 2996146.30948278 523375.3743396573 964828.5256351408 5084793.715090754 554322.0754516699
168 2933498.55932409 450586.0693039972 984635.8493981473 5197801.2579187 556944.2640550658
169 2753610.143817631 480554.6360497156 983761.052419331 5345943.492213196 559596.675500126
170 2573160.22856614 568349.1670037721 1023472.483872793 5396203.828864707 562280.291692588
171 2686299.487246381 450941.7621610033 1081687.388448478 5339541.546249685 564995.8158944523
172 2842123.802835685 559543.6257604763 1019985.028250155 5134069.87849655 567743.6646571337
173 2759602.370889057 497755.3703285576 1033076.228766102 5262508.066750002 570523.9632662814
174 3008069.995607223 541687.5150411391 1060565.003325861 4939806.941011772 573336.545014004
175 2745717.288738045 448186.2558511599 1082291.824923499 5271089.675980491 576180.9545068053
176 3183330.32773516 482645.4986094466 1079218.661528257 4799215.057031853 579056.455095283
177 2559464.220483002 481670.3489186935 1106203.397687478 5394165.99252993 581962.0403808975
178 2355986.957439932 566109.9012197735 1072747.636552937 5543725.055164398 584896.4496229588
179 2973270.328609059 652281.5012193155 1071333.08721969 4838722.896209126 587858.1867428104
180 2516432.335957202 526591.0717026675 1112033.979342368 5377563.070488751 590845.5425090126
181 2389778.906349502 596586.232273947 1117762.007002026 5425482.234981308 593856.619393217
182 2483669.15318933 616701.9250534549 1157988.8943778 5268216.668863415 596889.3585160002
183 2716198.320026333 627358.0360977282 1170385.288075261 5009582.787742641 599941.5680580382
184 2310400.718666962 634012.0643812226 1164976.901749395 5411065.362706827 603010.9524955932
185 2405240.529016468 534920.213967695 1172416.325873472 5404793.789112939 606095.1420294249
186 3058842.142475675 489588.3598770016 1195488.464082934 4770355.311954013 609191.7216103764
187 1815241.523713092 560611.2408157695 1203858.33051519 5931456.645936777 612298.2590191715
188 2402985.471085778 487740.638256123 1194653.597890962 5422673.961239421 615412.3315277159
189 2420651.18853545 467643.2439549175 1234750.393977385 5381889.622782905 618531.5507493425
190 2554701.992080854 543699.4936960414 1224260.400196845 5179150.528655319 621653.585370941
191 2467918.303752211 451782.2423048762 1235427.694407162 5343561.577989643 624776.1815461082
192 2120614.358825125 509371.0167072787 1238442.457531447 5627140.986124783 627897.1808113665
193 2668092.595560999 582719.2184439739 1224219.692631344 5017419.95789975 631014.5354639322
194 2117138.526532355 546356.5501093904 1274721.36327165 5551123.2386794 634126.3214072054
195 1656688.340895435 565759.1365306826 1232035.895061019 6031751.878985212 637230.7485276505
196 2404476.736943348 568557.032891353 1239274.160511098 5270831.90094078 640326.1687134204
197 2413637.312253327 541347.4578866384 1198875.96320107 5326194.184997989 643411.0816609758
198 2954773.380725777 387581.7839322626 1191190.028445554 4943436.668254805 646484.1386416003
199 2052006.883754966 574890.4669528712 1187406.796050542 5659617.708825568 649544.1444160523
200 2451970.379093334 416707.2511796762 1228888.145574216 5373310.166658998 652590.0574937762
